star,2184.45,1921.94,7
star,2591.50,2322.43,7
star,2389.75,1641.37,7
star,2510,1939,7
star,4688.66,997.53,7
star,4844.02,1466.91,7
star,4414.72,1480.04,7
star,4573,1270,7
star,2742.48,1142.88,7
star,3285.14,1233.83,7
star,2945.08,1650.60,7
star,3006,1364,7
star,3779.54,1046.14,7
star,4058.31,1107.08,7
star,4100.39,1393.50,7
star,3713.10,1598.85,7
star,3623.67,1191.67,7
star,3872,1287,7
star,2726.44,2183.75,7
star,3116.27,1836.39,7
star,3313.14,2333.92,7
star,3046,2167,7
star,1779.27,1116.36,7
star,1948.89,972.77,7
star,2287.92,1221.64,7
star,2196.92,1492.42,7
star,1961.05,1573.83,7
star,1971,1289,7
star,2238.53,1863.73,7
star,2398.02,2231.50,7
star,1985,2454.47,7
star,1905.72,2021.96,7
star,2140,2186,7
star,2684.31,1550.85,7
star,2273.70,1566.49,7
star,2278.78,1065.30,7
star,2423,1361,7
star,980.32,1275.47,7
star,1609.65,1356.12,7
star,1146.50,1707.19,7
star,1269,1404,7
star,4189.91,1645.11,5
star,4686.23,1963.91,5
star,4166.83,2174.29,5
star,4378,1904,5
star,2678.23,1439.74,4
star,2852.68,1924.63,4
star,2282.32,1662.67,4
star,2629,1693,4
star,2099.61,1553.12,3
star,1649.80,1771.50,3
star,1611.01,1261.97,3
star,1781,1514,3
star,4565.21,2366.25,2
star,4114.31,2454.67,2
star,4068.96,2069.90,2
star,4275,2249,2
star,1670.71,2231.54,1
star,1427.19,2373.80,1
star,1210.89,2443.53,1
star,1054.17,2126.98,1
star,1330.22,1828.19,1
star,1341,2137,1
star,3071.02,1627.86,0
star,3647.40,1475.27,0
star,3312.36,2008.68,0
star,3378,1671,0
perim_node,5873.63,2117.79
perim_node,5576.43,2518.75
perim_node,5103.64,2863.07
perim_node,4487.50,3127.27
perim_node,3769.99,3293.35
perim_node,3000,3350
perim_node,2230.01,3293.35
perim_node,1512.50,3127.27
perim_node,896.36,2863.06
perim_node,423.57,2518.75
perim_node,126.37,2117.79
perim_node,25,1687.50
perim_node,126.37,1257.21
perim_node,423.57,856.25
perim_node,896.36,511.93
perim_node,1512.50,247.73
perim_node,2230.01,81.65
perim_node,3000.00,25
perim_node,3769.99,81.65
perim_node,4487.50,247.73
perim_node,5103.64,511.93
perim_node,5576.43,856.25
perim_node,5873.63,1257.21
perim_node,5975,1687.50
